-1.000000000000000000e+01 -1.500000000000000000e+01 1.000000000000000000e+01 1.000000000000000000e+01 1.802799999999999869e+01 2.158999999999999808e+00 4.437999999999999723e+00 2.060699999999999932e+01 -1.976500000000000057e+01 -3.300000000000000155e-02 2.660000000000000142e-01 0.000000000000000000e+00 -3.300000000000000155e-02 2.660000000000000142e-01 -3.649999999999999911e-01
0.000000000000000000e+00 -1.500000000000000000e+01 2.000000000000000000e+01 1.000000000000000000e+01 1.500000000000000000e+01 1.570999999999999952e+00 -1.500000000000000000e+00 5.550099999999999767e+01 -1.850000000000000000e+01 -2.750000000000000222e-01 7.780000000000000249e-01 0.000000000000000000e+00 -2.750000000000000222e-01 7.780000000000000249e-01 -3.420000000000000262e-01
1.000000000000000000e+01 -1.500000000000000000e+01 3.000000000000000000e+01 1.000000000000000000e+01 1.802799999999999869e+01 9.829999999999999849e-01 2.318999999999999950e+00 6.184799999999999898e+01 1.915000000000000036e+00 -2.510000000000000009e-01 8.479999999999999760e-01 0.000000000000000000e+00 -2.510000000000000009e-01 8.479999999999999760e-01 3.500000000000000333e-02
2.000000000000000000e+01 -1.500000000000000000e+01 4.000000000000000000e+01 1.000000000000000000e+01 2.500000000000000000e+01 6.440000000000000169e-01 8.455000000000000071e+00 4.845000000000000284e+01 6.921000000000000263e+00 -1.049999999999999961e-01 6.340000000000000080e-01 0.000000000000000000e+00 -1.049999999999999961e-01 6.340000000000000080e-01 1.280000000000000027e-01
-1.000000000000000000e+01 -5.000000000000000000e+00 1.000000000000000000e+01 2.000000000000000000e+01 1.117999999999999972e+01 2.677999999999999936e+00 4.331000000000000405e+00 3.520000000000000018e+00 -8.683999999999999275e+00 4.399999999999999745e-02 2.900000000000000147e-02 0.000000000000000000e+00 4.399999999999999745e-02 2.900000000000000147e-02 -1.600000000000000033e-01
0.000000000000000000e+00 -5.000000000000000000e+00 2.000000000000000000e+01 2.000000000000000000e+01 5.000000000000000000e+00 1.570999999999999952e+00 1.204400000000000048e+01 9.613100000000000023e+01 -3.204399999999999693e+01 -2.730000000000000204e-01 1.280000000000000027e+00 0.000000000000000000e+00 -2.730000000000000204e-01 1.280000000000000027e+00 -5.919999999999999707e-01
1.000000000000000000e+01 -5.000000000000000000e+00 3.000000000000000000e+01 2.000000000000000000e+01 1.117999999999999972e+01 4.640000000000000235e-01 3.030499999999999972e+01 6.767300000000000182e+01 1.040499999999999936e+01 1.110000000000000014e-01 8.010000000000000453e-01 0.000000000000000000e+00 1.110000000000000014e-01 8.010000000000000453e-01 1.920000000000000040e-01
2.000000000000000000e+01 -5.000000000000000000e+00 4.000000000000000000e+01 2.000000000000000000e+01 2.061599999999999966e+01 2.449999999999999956e-01 2.235600000000000165e+01 4.624499999999999744e+01 5.051000000000000156e+00 9.900000000000000466e-02 5.400000000000000355e-01 0.000000000000000000e+00 9.900000000000000466e-02 5.400000000000000355e-01 9.299999999999999933e-02
-1.000000000000000000e+01 5.000000000000000000e+00 1.000000000000000000e+01 3.000000000000000000e+01 1.117999999999999972e+01 2.677999999999999936e+00 4.331000000000000405e+00 3.520000000000000018e+00 -8.683999999999999275e+00 4.399999999999999745e-02 2.900000000000000147e-02 0.000000000000000000e+00 4.399999999999999745e-02 2.900000000000000147e-02 -1.600000000000000033e-01
0.000000000000000000e+00 5.000000000000000000e+00 2.000000000000000000e+01 3.000000000000000000e+01 5.000000000000000000e+00 1.570999999999999952e+00 1.204400000000000048e+01 9.613100000000000023e+01 -3.204399999999999693e+01 -2.730000000000000204e-01 1.280000000000000027e+00 0.000000000000000000e+00 -2.730000000000000204e-01 1.280000000000000027e+00 -5.919999999999999707e-01
1.000000000000000000e+01 5.000000000000000000e+00 3.000000000000000000e+01 3.000000000000000000e+01 1.117999999999999972e+01 4.640000000000000235e-01 3.030499999999999972e+01 6.767300000000000182e+01 1.040499999999999936e+01 1.110000000000000014e-01 8.010000000000000453e-01 0.000000000000000000e+00 1.110000000000000014e-01 8.010000000000000453e-01 1.920000000000000040e-01
2.000000000000000000e+01 5.000000000000000000e+00 4.000000000000000000e+01 3.000000000000000000e+01 2.061599999999999966e+01 2.449999999999999956e-01 2.235600000000000165e+01 4.624499999999999744e+01 5.051000000000000156e+00 9.900000000000000466e-02 5.400000000000000355e-01 0.000000000000000000e+00 9.900000000000000466e-02 5.400000000000000355e-01 9.299999999999999933e-02
-1.000000000000000000e+01 1.500000000000000000e+01 1.000000000000000000e+01 4.000000000000000000e+01 1.802799999999999869e+01 2.158999999999999808e+00 4.437999999999999723e+00 2.060699999999999932e+01 -1.976500000000000057e+01 -3.300000000000000155e-02 2.660000000000000142e-01 0.000000000000000000e+00 -3.300000000000000155e-02 2.660000000000000142e-01 -3.649999999999999911e-01
0.000000000000000000e+00 1.500000000000000000e+01 2.000000000000000000e+01 4.000000000000000000e+01 1.500000000000000000e+01 1.570999999999999952e+00 -1.500000000000000000e+00 5.550099999999999767e+01 -1.850000000000000000e+01 -2.750000000000000222e-01 7.780000000000000249e-01 0.000000000000000000e+00 -2.750000000000000222e-01 7.780000000000000249e-01 -3.420000000000000262e-01
1.000000000000000000e+01 1.500000000000000000e+01 3.000000000000000000e+01 4.000000000000000000e+01 1.802799999999999869e+01 9.829999999999999849e-01 2.318999999999999950e+00 6.184799999999999898e+01 1.915000000000000036e+00 -2.510000000000000009e-01 8.479999999999999760e-01 0.000000000000000000e+00 -2.510000000000000009e-01 8.479999999999999760e-01 3.500000000000000333e-02
2.000000000000000000e+01 1.500000000000000000e+01 4.000000000000000000e+01 4.000000000000000000e+01 2.500000000000000000e+01 6.440000000000000169e-01 8.455000000000000071e+00 4.845000000000000284e+01 6.921000000000000263e+00 -1.049999999999999961e-01 6.340000000000000080e-01 0.000000000000000000e+00 -1.049999999999999961e-01 6.340000000000000080e-01 1.280000000000000027e-01
