-1.500000000000000000e+01 -1.500000000000000000e+01 1.000000000000000000e+01 1.000000000000000000e+01 2.121300000000000097e+01 2.355999999999999872e+00 2.791999999999999815e+00 1.088499999999999979e+01 -1.437299999999999933e+01 -1.099999999999999936e-02 1.380000000000000115e-01 0.000000000000000000e+00 -1.099999999999999936e-02 1.380000000000000115e-01 -2.650000000000000133e-01
-5.000000000000000000e+00 -1.500000000000000000e+01 2.000000000000000000e+01 1.000000000000000000e+01 1.581099999999999994e+01 1.893000000000000016e+00 2.592000000000000082e+00 3.700900000000000034e+01 -2.307600000000000051e+01 -1.340000000000000080e-01 5.020000000000000018e-01 0.000000000000000000e+00 -1.340000000000000080e-01 5.020000000000000018e-01 -4.259999999999999898e-01
5.000000000000000000e+00 -1.500000000000000000e+01 3.000000000000000000e+01 1.000000000000000000e+01 1.581099999999999994e+01 1.249000000000000110e+00 -1.729999999999999982e+00 6.442300000000000182e+01 -7.208000000000000185e+00 -3.190000000000000058e-01 9.030000000000000249e-01 0.000000000000000000e+00 -3.190000000000000058e-01 9.030000000000000249e-01 -1.330000000000000071e-01
1.500000000000000000e+01 -1.500000000000000000e+01 4.000000000000000000e+01 1.000000000000000000e+01 2.121300000000000097e+01 7.850000000000000311e-01 6.280000000000000249e+00 5.502499999999999858e+01 5.953000000000000291e+00 -1.650000000000000078e-01 7.349999999999999867e-01 0.000000000000000000e+00 -1.650000000000000078e-01 7.349999999999999867e-01 1.100000000000000006e-01
-1.500000000000000000e+01 -5.000000000000000000e+00 1.000000000000000000e+01 2.000000000000000000e+01 1.581099999999999994e+01 2.819999999999999840e+00 -4.698000000000000398e+00 1.026000000000000023e+00 -3.740000000000000213e+00 -7.000000000000000666e-02 3.599999999999999728e-02 0.000000000000000000e+00 -7.000000000000000666e-02 3.599999999999999728e-02 -6.900000000000000577e-02
-5.000000000000000000e+00 -5.000000000000000000e+00 2.000000000000000000e+01 2.000000000000000000e+01 7.070999999999999730e+00 2.355999999999999872e+00 1.947700000000000031e+01 1.885399999999999920e+01 -2.489399999999999835e+01 1.839999999999999969e-01 1.729999999999999871e-01 0.000000000000000000e+00 1.839999999999999969e-01 1.729999999999999871e-01 -4.600000000000000200e-01
5.000000000000000000e+00 -5.000000000000000000e+00 3.000000000000000000e+01 2.000000000000000000e+01 7.070999999999999730e+00 7.850000000000000311e-01 2.551800000000000068e+01 9.530599999999999739e+01 1.031199999999999939e+01 -8.200000000000000344e-02 1.207000000000000073e+00 0.000000000000000000e+00 -8.200000000000000344e-02 1.207000000000000073e+00 1.900000000000000022e-01
1.500000000000000000e+01 -5.000000000000000000e+00 4.000000000000000000e+01 2.000000000000000000e+01 1.581099999999999994e+01 3.220000000000000084e-01 2.656899999999999906e+01 5.404899999999999949e+01 7.137999999999999901e+00 1.209999999999999964e-01 6.290000000000000036e-01 0.000000000000000000e+00 1.209999999999999964e-01 6.290000000000000036e-01 1.320000000000000062e-01
-1.500000000000000000e+01 5.000000000000000000e+00 1.000000000000000000e+01 3.000000000000000000e+01 1.581099999999999994e+01 2.819999999999999840e+00 -4.698000000000000398e+00 1.026000000000000023e+00 -3.740000000000000213e+00 -7.000000000000000666e-02 3.599999999999999728e-02 0.000000000000000000e+00 -7.000000000000000666e-02 3.599999999999999728e-02 -6.900000000000000577e-02
-5.000000000000000000e+00 5.000000000000000000e+00 2.000000000000000000e+01 3.000000000000000000e+01 7.070999999999999730e+00 2.355999999999999872e+00 1.947700000000000031e+01 1.885399999999999920e+01 -2.489399999999999835e+01 1.839999999999999969e-01 1.729999999999999871e-01 0.000000000000000000e+00 1.839999999999999969e-01 1.729999999999999871e-01 -4.600000000000000200e-01
5.000000000000000000e+00 5.000000000000000000e+00 3.000000000000000000e+01 3.000000000000000000e+01 7.070999999999999730e+00 7.850000000000000311e-01 2.551800000000000068e+01 9.530599999999999739e+01 1.031199999999999939e+01 -8.200000000000000344e-02 1.207000000000000073e+00 0.000000000000000000e+00 -8.200000000000000344e-02 1.207000000000000073e+00 1.900000000000000022e-01
1.500000000000000000e+01 5.000000000000000000e+00 4.000000000000000000e+01 3.000000000000000000e+01 1.581099999999999994e+01 3.220000000000000084e-01 2.656899999999999906e+01 5.404899999999999949e+01 7.137999999999999901e+00 1.209999999999999964e-01 6.290000000000000036e-01 0.000000000000000000e+00 1.209999999999999964e-01 6.290000000000000036e-01 1.320000000000000062e-01
-1.500000000000000000e+01 1.500000000000000000e+01 1.000000000000000000e+01 4.000000000000000000e+01 2.121300000000000097e+01 2.355999999999999872e+00 2.791999999999999815e+00 1.088499999999999979e+01 -1.437299999999999933e+01 -1.099999999999999936e-02 1.380000000000000115e-01 0.000000000000000000e+00 -1.099999999999999936e-02 1.380000000000000115e-01 -2.650000000000000133e-01
-5.000000000000000000e+00 1.500000000000000000e+01 2.000000000000000000e+01 4.000000000000000000e+01 1.581099999999999994e+01 1.893000000000000016e+00 2.592000000000000082e+00 3.700900000000000034e+01 -2.307600000000000051e+01 -1.340000000000000080e-01 5.020000000000000018e-01 0.000000000000000000e+00 -1.340000000000000080e-01 5.020000000000000018e-01 -4.259999999999999898e-01
5.000000000000000000e+00 1.500000000000000000e+01 3.000000000000000000e+01 4.000000000000000000e+01 1.581099999999999994e+01 1.249000000000000110e+00 -1.729999999999999982e+00 6.442300000000000182e+01 -7.208000000000000185e+00 -3.190000000000000058e-01 9.030000000000000249e-01 0.000000000000000000e+00 -3.190000000000000058e-01 9.030000000000000249e-01 -1.330000000000000071e-01
1.500000000000000000e+01 1.500000000000000000e+01 4.000000000000000000e+01 4.000000000000000000e+01 2.121300000000000097e+01 7.850000000000000311e-01 6.280000000000000249e+00 5.502499999999999858e+01 5.953000000000000291e+00 -1.650000000000000078e-01 7.349999999999999867e-01 0.000000000000000000e+00 -1.650000000000000078e-01 7.349999999999999867e-01 1.100000000000000006e-01
