-1.500000000000000000e+01 -1.500000000000000000e+01 1.000000000000000000e+01 1.000000000000000000e+01 2.121300000000000097e+01 2.355999999999999872e+00 -2.163500000000000156e+01 2.210500000000000043e+01 -2.826300000000000168e+01 -4.020000000000000240e-01 4.060000000000000275e-01 0.000000000000000000e+00 -4.020000000000000240e-01 4.060000000000000275e-01 -5.220000000000000195e-01
-5.000000000000000000e+00 -1.500000000000000000e+01 2.000000000000000000e+01 1.000000000000000000e+01 1.581099999999999994e+01 1.893000000000000016e+00 -2.033399999999999963e+01 8.139900000000000091e+01 -4.876800000000000068e+01 -6.550000000000000266e-01 1.223999999999999977e+00 0.000000000000000000e+00 -6.550000000000000266e-01 1.223999999999999977e+00 -9.010000000000000231e-01
5.000000000000000000e+00 -1.500000000000000000e+01 3.000000000000000000e+01 1.000000000000000000e+01 1.581099999999999994e+01 1.249000000000000110e+00 -2.874299999999999855e+01 1.496730000000000018e+02 -1.251900000000000013e+01 -1.084999999999999964e+00 2.210999999999999854e+00 0.000000000000000000e+00 -1.084999999999999964e+00 2.210999999999999854e+00 -2.310000000000000109e-01
1.500000000000000000e+01 -1.500000000000000000e+01 4.000000000000000000e+01 1.000000000000000000e+01 2.121300000000000097e+01 7.850000000000000311e-01 -6.828000000000000291e+00 1.307719999999999914e+02 2.035600000000000165e+01 -6.939999999999999503e-01 1.848000000000000087e+00 0.000000000000000000e+00 -6.939999999999999503e-01 1.848000000000000087e+00 3.760000000000000009e-01
-1.500000000000000000e+01 -5.000000000000000000e+00 1.000000000000000000e+01 2.000000000000000000e+01 1.581099999999999994e+01 2.819999999999999840e+00 -4.649099999999999966e+01 1.506000000000000005e+00 -5.086000000000000298e+00 -6.530000000000000249e-01 2.340000000000000135e-01 0.000000000000000000e+00 -6.530000000000000249e-01 2.340000000000000135e-01 -9.400000000000000022e-02
-5.000000000000000000e+00 -5.000000000000000000e+00 2.000000000000000000e+01 2.000000000000000000e+01 7.070999999999999730e+00 2.355999999999999872e+00 5.716999999999999638e+00 3.828699999999999903e+01 -4.895300000000000296e+01 -9.600000000000000200e-02 5.060000000000000053e-01 0.000000000000000000e+00 -9.600000000000000200e-02 5.060000000000000053e-01 -9.040000000000000258e-01
5.000000000000000000e+00 -5.000000000000000000e+00 3.000000000000000000e+01 2.000000000000000000e+01 7.070999999999999730e+00 7.850000000000000311e-01 3.136400000000000077e+01 2.265039999999999907e+02 3.525699999999999790e+01 -6.029999999999999805e-01 3.001999999999999780e+00 0.000000000000000000e+00 -6.029999999999999805e-01 3.001999999999999780e+00 6.510000000000000231e-01
1.500000000000000000e+01 -5.000000000000000000e+00 4.000000000000000000e+01 2.000000000000000000e+01 1.581099999999999994e+01 3.220000000000000084e-01 4.477300000000000324e+01 1.287649999999999864e+02 2.805300000000000082e+01 3.200000000000000067e-02 1.582999999999999963e+00 0.000000000000000000e+00 3.200000000000000067e-02 1.582999999999999963e+00 5.180000000000000160e-01
-1.500000000000000000e+01 5.000000000000000000e+00 1.000000000000000000e+01 3.000000000000000000e+01 1.581099999999999994e+01 2.819999999999999840e+00 -4.649099999999999966e+01 1.506000000000000005e+00 -5.086000000000000298e+00 -6.530000000000000249e-01 2.340000000000000135e-01 0.000000000000000000e+00 -6.530000000000000249e-01 2.340000000000000135e-01 -9.400000000000000022e-02
-5.000000000000000000e+00 5.000000000000000000e+00 2.000000000000000000e+01 3.000000000000000000e+01 7.070999999999999730e+00 2.355999999999999872e+00 5.716999999999999638e+00 3.828699999999999903e+01 -4.895300000000000296e+01 -9.600000000000000200e-02 5.060000000000000053e-01 0.000000000000000000e+00 -9.600000000000000200e-02 5.060000000000000053e-01 -9.040000000000000258e-01
5.000000000000000000e+00 5.000000000000000000e+00 3.000000000000000000e+01 3.000000000000000000e+01 7.070999999999999730e+00 7.850000000000000311e-01 3.136400000000000077e+01 2.265039999999999907e+02 3.525699999999999790e+01 -6.029999999999999805e-01 3.001999999999999780e+00 0.000000000000000000e+00 -6.029999999999999805e-01 3.001999999999999780e+00 6.510000000000000231e-01
1.500000000000000000e+01 5.000000000000000000e+00 4.000000000000000000e+01 3.000000000000000000e+01 1.581099999999999994e+01 3.220000000000000084e-01 4.477300000000000324e+01 1.287649999999999864e+02 2.805300000000000082e+01 3.200000000000000067e-02 1.582999999999999963e+00 0.000000000000000000e+00 3.200000000000000067e-02 1.582999999999999963e+00 5.180000000000000160e-01
-1.500000000000000000e+01 1.500000000000000000e+01 1.000000000000000000e+01 4.000000000000000000e+01 2.121300000000000097e+01 2.355999999999999872e+00 -2.163500000000000156e+01 2.210500000000000043e+01 -2.826300000000000168e+01 -4.020000000000000240e-01 4.060000000000000275e-01 0.000000000000000000e+00 -4.020000000000000240e-01 4.060000000000000275e-01 -5.220000000000000195e-01
-5.000000000000000000e+00 1.500000000000000000e+01 2.000000000000000000e+01 4.000000000000000000e+01 1.581099999999999994e+01 1.893000000000000016e+00 -2.033399999999999963e+01 8.139900000000000091e+01 -4.876800000000000068e+01 -6.550000000000000266e-01 1.223999999999999977e+00 0.000000000000000000e+00 -6.550000000000000266e-01 1.223999999999999977e+00 -9.010000000000000231e-01
5.000000000000000000e+00 1.500000000000000000e+01 3.000000000000000000e+01 4.000000000000000000e+01 1.581099999999999994e+01 1.249000000000000110e+00 -2.874299999999999855e+01 1.496730000000000018e+02 -1.251900000000000013e+01 -1.084999999999999964e+00 2.210999999999999854e+00 0.000000000000000000e+00 -1.084999999999999964e+00 2.210999999999999854e+00 -2.310000000000000109e-01
1.500000000000000000e+01 1.500000000000000000e+01 4.000000000000000000e+01 4.000000000000000000e+01 2.121300000000000097e+01 7.850000000000000311e-01 -6.828000000000000291e+00 1.307719999999999914e+02 2.035600000000000165e+01 -6.939999999999999503e-01 1.848000000000000087e+00 0.000000000000000000e+00 -6.939999999999999503e-01 1.848000000000000087e+00 3.760000000000000009e-01
