-4.279099999999999682e+01 -2.323100000000000165e+01 1.000000000000000000e+01 1.000000000000000000e+01 4.868999999999999773e+01 2.644000000000000128e+00 2.297400000000000020e+01 1.475999999999999979e+00 -3.193000000000000060e+00 2.489999999999999991e-01 -2.100000000000000130e-02 1.829999999999999960e-01 3.119999999999999996e-01 -8.500000000000000611e-02 -5.899999999999999689e-02
-5.118200000000000216e+01 -2.323100000000000165e+01 2.000000000000000000e+01 1.000000000000000000e+01 5.620700000000000074e+01 2.716000000000000192e+00 2.121099999999999852e+01 8.209999999999999520e-01 -2.081999999999999851e+00 2.139999999999999958e-01 -8.999999999999999320e-03 1.729999999999999871e-01 2.909999999999999809e-01 -8.599999999999999312e-02 -3.799999999999999906e-02
-5.957200000000000273e+01 -2.323100000000000165e+01 3.000000000000000000e+01 1.000000000000000000e+01 6.394200000000000017e+01 2.770000000000000018e+00 1.987699999999999889e+01 4.799999999999999822e-01 -1.387999999999999901e+00 1.910000000000000031e-01 -2.000000000000000042e-03 1.640000000000000069e-01 2.740000000000000213e-01 -8.400000000000000522e-02 -2.599999999999999881e-02
-6.796299999999999386e+01 -2.323100000000000165e+01 4.000000000000000000e+01 1.000000000000000000e+01 7.182399999999999807e+01 2.811999999999999833e+00 1.886799999999999855e+01 2.919999999999999818e-01 -9.429999999999999494e-01 1.749999999999999889e-01 3.000000000000000062e-03 1.570000000000000007e-01 2.610000000000000098e-01 -8.200000000000000344e-02 -1.700000000000000122e-02
-4.823100000000000165e+01 -2.618100000000000094e+01 1.000000000000000000e+01 2.000000000000000000e+01 5.487899999999999778e+01 2.644000000000000128e+00 2.262600000000000122e+01 1.389999999999999902e+00 -3.007000000000000117e+00 2.419999999999999929e-01 -1.899999999999999953e-02 1.809999999999999942e-01 3.079999999999999960e-01 -8.400000000000000522e-02 -5.600000000000000117e-02
-5.662199999999999989e+01 -2.618100000000000094e+01 2.000000000000000000e+01 2.000000000000000000e+01 6.238199999999999790e+01 2.708000000000000185e+00 2.113100000000000023e+01 8.239999999999999547e-01 -2.055000000000000160e+00 2.129999999999999949e-01 -8.999999999999999320e-03 1.719999999999999862e-01 2.899999999999999800e-01 -8.500000000000000611e-02 -3.799999999999999906e-02
-6.501300000000000523e+01 -2.618100000000000094e+01 3.000000000000000000e+01 2.000000000000000000e+01 7.008599999999999852e+01 2.758999999999999897e+00 1.996199999999999974e+01 5.080000000000000071e-01 -1.429999999999999938e+00 1.930000000000000049e-01 -2.000000000000000042e-03 1.640000000000000069e-01 2.750000000000000222e-01 -8.400000000000000522e-02 -2.599999999999999881e-02
-7.340300000000000580e+01 -2.618100000000000094e+01 4.000000000000000000e+01 2.000000000000000000e+01 7.793300000000000693e+01 2.798999999999999932e+00 1.905199999999999960e+01 3.240000000000000102e-01 -1.010999999999999899e+00 1.779999999999999916e-01 3.000000000000000062e-03 1.580000000000000016e-01 2.630000000000000115e-01 -8.300000000000000433e-02 -1.899999999999999953e-02
-5.367099999999999937e+01 -2.913200000000000145e+01 1.000000000000000000e+01 3.000000000000000000e+01 6.106799999999999784e+01 2.644000000000000128e+00 2.233299999999999841e+01 1.318000000000000060e+00 -2.850000000000000089e+00 2.369999999999999885e-01 -1.700000000000000122e-02 1.789999999999999925e-01 3.039999999999999925e-01 -8.400000000000000522e-02 -5.299999999999999850e-02
-6.206199999999999761e+01 -2.913200000000000145e+01 2.000000000000000000e+01 3.000000000000000000e+01 6.855899999999999750e+01 2.702999999999999847e+00 2.104400000000000048e+01 8.219999999999999529e-01 -2.021999999999999797e+00 2.119999999999999940e-01 -8.999999999999999320e-03 1.710000000000000131e-01 2.889999999999999791e-01 -8.500000000000000611e-02 -3.699999999999999817e-02
-7.045300000000000296e+01 -2.913200000000000145e+01 3.000000000000000000e+01 3.000000000000000000e+01 7.623799999999999955e+01 2.750000000000000000e+00 2.001000000000000156e+01 5.300000000000000266e-01 -1.457000000000000073e+00 1.940000000000000058e-01 -2.000000000000000042e-03 1.650000000000000078e-01 2.750000000000000222e-01 -8.400000000000000522e-02 -2.699999999999999969e-02
-7.884300000000000352e+01 -2.913200000000000145e+01 4.000000000000000000e+01 3.000000000000000000e+01 8.405299999999999727e+01 2.787999999999999812e+00 1.918499999999999872e+01 3.509999999999999787e-01 -1.062999999999999945e+00 1.799999999999999933e-01 2.000000000000000042e-03 1.590000000000000024e-01 2.650000000000000133e-01 -8.300000000000000433e-02 -2.000000000000000042e-02
-5.911200000000000188e+01 -3.208200000000000074e+01 1.000000000000000000e+01 4.000000000000000000e+01 6.725600000000000023e+01 2.644000000000000128e+00 2.208099999999999952e+01 1.254999999999999893e+00 -2.714999999999999858e+00 2.330000000000000127e-01 -1.600000000000000033e-02 1.769999999999999907e-01 3.009999999999999898e-01 -8.400000000000000522e-02 -5.000000000000000278e-02
-6.750199999999999534e+01 -3.208200000000000074e+01 2.000000000000000000e+01 4.000000000000000000e+01 7.473799999999999955e+01 2.697999999999999954e+00 2.095499999999999829e+01 8.169999999999999485e-01 -1.987000000000000099e+00 2.109999999999999931e-01 -8.000000000000000167e-03 1.710000000000000131e-01 2.869999999999999774e-01 -8.500000000000000611e-02 -3.699999999999999817e-02
-7.589300000000000068e+01 -3.208200000000000074e+01 3.000000000000000000e+01 4.000000000000000000e+01 8.239499999999999602e+01 2.741999999999999993e+00 2.003300000000000125e+01 5.460000000000000409e-01 -1.473000000000000087e+00 1.940000000000000058e-01 -3.000000000000000062e-03 1.650000000000000078e-01 2.760000000000000231e-01 -8.400000000000000522e-02 -2.699999999999999969e-02
-8.428400000000000603e+01 -3.208200000000000074e+01 4.000000000000000000e+01 4.000000000000000000e+01 9.018300000000000693e+01 2.778000000000000025e+00 1.928099999999999881e+01 3.739999999999999991e-01 -1.102999999999999980e+00 1.809999999999999942e-01 2.000000000000000042e-03 1.600000000000000033e-01 2.660000000000000142e-01 -8.300000000000000433e-02 -2.000000000000000042e-02
