-1.500000000000000000e+01 -1.500000000000000000e+01 1.000000000000000000e+01 1.000000000000000000e+01 2.121300000000000097e+01 2.355999999999999872e+00 -1.026200000000000045e+01 -6.732999999999999652e+00 9.528999999999999915e+00 -1.120000000000000023e-01 -4.599999999999999922e-02 0.000000000000000000e+00 -1.120000000000000023e-01 -4.599999999999999922e-02 1.759999999999999898e-01
-5.000000000000000000e+00 -1.500000000000000000e+01 2.000000000000000000e+01 1.000000000000000000e+01 1.581099999999999994e+01 1.893000000000000016e+00 -8.958999999999999631e+00 -1.857700000000000173e+01 1.295599999999999952e+01 -3.899999999999999994e-02 -2.169999999999999984e-01 0.000000000000000000e+00 -3.899999999999999994e-02 -2.169999999999999984e-01 2.389999999999999902e-01
5.000000000000000000e+00 -1.500000000000000000e+01 3.000000000000000000e+01 1.000000000000000000e+01 1.581099999999999994e+01 1.249000000000000110e+00 -6.032000000000000028e+00 -2.682300000000000040e+01 5.923000000000000043e+00 3.899999999999999994e-02 -3.449999999999999734e-01 0.000000000000000000e+00 3.899999999999999994e-02 -3.449999999999999734e-01 1.089999999999999997e-01
1.500000000000000000e+01 -1.500000000000000000e+01 4.000000000000000000e+01 1.000000000000000000e+01 2.121300000000000097e+01 7.850000000000000311e-01 -7.081000000000000405e+00 -2.088400000000000034e+01 2.029999999999999805e+00 -3.000000000000000062e-03 -2.580000000000000071e-01 0.000000000000000000e+00 -3.000000000000000062e-03 -2.580000000000000071e-01 3.699999999999999817e-02
-1.500000000000000000e+01 -5.000000000000000000e+00 1.000000000000000000e+01 2.000000000000000000e+01 1.581099999999999994e+01 2.819999999999999840e+00 -1.229499999999999993e+01 -1.034000000000000030e+00 4.048000000000000043e+00 -1.660000000000000087e-01 4.200000000000000261e-02 0.000000000000000000e+00 -1.660000000000000087e-01 4.200000000000000261e-02 7.499999999999999722e-02
-5.000000000000000000e+00 -5.000000000000000000e+00 2.000000000000000000e+01 2.000000000000000000e+01 7.070999999999999730e+00 2.355999999999999872e+00 -2.509499999999999886e+01 -1.166200000000000081e+01 1.650400000000000134e+01 -2.949999999999999845e-01 -4.700000000000000011e-02 0.000000000000000000e+00 -2.949999999999999845e-01 -4.700000000000000011e-02 3.049999999999999933e-01
5.000000000000000000e+00 -5.000000000000000000e+00 3.000000000000000000e+01 2.000000000000000000e+01 7.070999999999999730e+00 7.850000000000000311e-01 -1.958500000000000085e+01 -3.617199999999999704e+01 3.516000000000000014e+00 -1.059999999999999970e-01 -4.129999999999999782e-01 0.000000000000000000e+00 -1.059999999999999970e-01 -4.129999999999999782e-01 6.500000000000000222e-02
1.500000000000000000e+01 -5.000000000000000000e+00 4.000000000000000000e+01 2.000000000000000000e+01 1.581099999999999994e+01 3.220000000000000084e-01 -1.244400000000000084e+01 -2.029799999999999827e+01 4.953999999999999737e+00 -8.000000000000000167e-02 -2.250000000000000056e-01 0.000000000000000000e+00 -8.000000000000000167e-02 -2.250000000000000056e-01 9.199999999999999845e-02
-1.500000000000000000e+01 5.000000000000000000e+00 1.000000000000000000e+01 3.000000000000000000e+01 1.581099999999999994e+01 2.819999999999999840e+00 -1.229499999999999993e+01 -1.034000000000000030e+00 4.048000000000000043e+00 -1.660000000000000087e-01 4.200000000000000261e-02 0.000000000000000000e+00 -1.660000000000000087e-01 4.200000000000000261e-02 7.499999999999999722e-02
-5.000000000000000000e+00 5.000000000000000000e+00 2.000000000000000000e+01 3.000000000000000000e+01 7.070999999999999730e+00 2.355999999999999872e+00 -2.509499999999999886e+01 -1.166200000000000081e+01 1.650400000000000134e+01 -2.949999999999999845e-01 -4.700000000000000011e-02 0.000000000000000000e+00 -2.949999999999999845e-01 -4.700000000000000011e-02 3.049999999999999933e-01
5.000000000000000000e+00 5.000000000000000000e+00 3.000000000000000000e+01 3.000000000000000000e+01 7.070999999999999730e+00 7.850000000000000311e-01 -1.958500000000000085e+01 -3.617199999999999704e+01 3.516000000000000014e+00 -1.059999999999999970e-01 -4.129999999999999782e-01 0.000000000000000000e+00 -1.059999999999999970e-01 -4.129999999999999782e-01 6.500000000000000222e-02
1.500000000000000000e+01 5.000000000000000000e+00 4.000000000000000000e+01 3.000000000000000000e+01 1.581099999999999994e+01 3.220000000000000084e-01 -1.244400000000000084e+01 -2.029799999999999827e+01 4.953999999999999737e+00 -8.000000000000000167e-02 -2.250000000000000056e-01 0.000000000000000000e+00 -8.000000000000000167e-02 -2.250000000000000056e-01 9.199999999999999845e-02
-1.500000000000000000e+01 1.500000000000000000e+01 1.000000000000000000e+01 4.000000000000000000e+01 2.121300000000000097e+01 2.355999999999999872e+00 -1.026200000000000045e+01 -6.732999999999999652e+00 9.528999999999999915e+00 -1.120000000000000023e-01 -4.599999999999999922e-02 0.000000000000000000e+00 -1.120000000000000023e-01 -4.599999999999999922e-02 1.759999999999999898e-01
-5.000000000000000000e+00 1.500000000000000000e+01 2.000000000000000000e+01 4.000000000000000000e+01 1.581099999999999994e+01 1.893000000000000016e+00 -8.958999999999999631e+00 -1.857700000000000173e+01 1.295599999999999952e+01 -3.899999999999999994e-02 -2.169999999999999984e-01 0.000000000000000000e+00 -3.899999999999999994e-02 -2.169999999999999984e-01 2.389999999999999902e-01
5.000000000000000000e+00 1.500000000000000000e+01 3.000000000000000000e+01 4.000000000000000000e+01 1.581099999999999994e+01 1.249000000000000110e+00 -6.032000000000000028e+00 -2.682300000000000040e+01 5.923000000000000043e+00 3.899999999999999994e-02 -3.449999999999999734e-01 0.000000000000000000e+00 3.899999999999999994e-02 -3.449999999999999734e-01 1.089999999999999997e-01
1.500000000000000000e+01 1.500000000000000000e+01 4.000000000000000000e+01 4.000000000000000000e+01 2.121300000000000097e+01 7.850000000000000311e-01 -7.081000000000000405e+00 -2.088400000000000034e+01 2.029999999999999805e+00 -3.000000000000000062e-03 -2.580000000000000071e-01 0.000000000000000000e+00 -3.000000000000000062e-03 -2.580000000000000071e-01 3.699999999999999817e-02
